0 135
1 334
2 13
3 1420
4 20
5 8283
6 572
7 238
8 5
9 907
10 11083
11 287
12 85968
13 33
14 265
15 7
16 3089
17 9905
18 7619
19 95
20 273
21 835
22 1780
23 163
24 6
25 9
26 5252
27 192
28 232
29 238
30 4
31 504
32 9
33 4
34 4
35 945
36 299
37 2
38 5337
39 240
40 5
41 891
42 3
43 21
44 6941
45 26
46 7984
47 22
48 195
49 717
50 40
51 4223
52 12
53 13
54 246
55 205
56 2166
57 505
58 156
59 2
60 1891
61 480
62 13134
63 760
64 380
65 667
66 176
67 31
68 10082
69 390
70 13
71 484
72 10
73 8047
74 314
75 26
76 71
77 21480
78 53
79 7310
80 273
81 463
82 280
83 81
84 6
85 28
86 18
87 22
88 6
89 436
90 8128
91 2164
92 10
93 11
94 414
95 439
96 8054
97 13258
98 134
99 3149
100 21
101 2710
102 9969
103 155
104 4
105 24
106 7
107 1227
108 10961
109 26
110 883
111 4
112 9
113 1742
114 384
115 45
116 17999
117 7277
118 306
119 41
120 9938
121 3578
122 61
123 11922
124 9781
125 22
126 2094
127 1718
128 6
129 271
130 96
131 26
132 1894
133 14
134 39
135 12586
136 25288
137 3901
138 302
139 77
140 1281
141 10
142 998
143 21
144 51
145 14684
146 5034
147 310
148 675
149 4
150 386
151 22
152 337
153 4
154 23
155 3311
156 2009
157 1536
158 84
159 933
160 277
161 1282
162 4497
163 86
164 5673
165 3071
166 295
167 1618
168 60056
169 504
170 9354
171 4723
172 10641
173 18
174 9614
175 4615
176 13
177 57
178 4
179 9550
180 24
181 10879
182 5413
183 25
184 8
185 21
186 8565
187 478
188 45
189 23
190 7
191 835
192 5382
193 2010
194 817
195 243
196 27
197 25
198 104
199 14
200 283
201 1070
202 26
203 140
204 791
205 589
206 5723
207 23
208 158
209 394
210 15
211 10018
212 18
213 21
214 153
215 581
216 2097
217 8
218 1682
219 2962
220 47
221 202
222 377
223 150
224 43
225 1555
226 1543
227 197
228 21
229 4446
230 379
231 319
232 64598
233 140
234 496
235 30
236 357
237 196
238 196
239 12
240 6778
241 13884
242 1879
243 3386
244 596
245 1698
246 5446
247 3267
248 9
249 1984
250 5424
251 213
252 12064
253 41
254 12903
255 109
256 467
257 625
258 8
259 23
260 3585
261 747
262 87
263 71
264 4765
265 6
266 34
267 1670
268 15
269 6518
270 49
271 22
272 506
273 200
274 11199
275 2717
276 253
277 4726
278 100
279 16
280 1
281 399
282 14
283 9473
284 11339
285 121
286 4
287 1006
288 35
289 5065
290 7
291 401
292 4
293 1060
294 1872
295 7574
296 6635
297 17847
298 4752
299 339
300 479
301 15
302 291
303 4
304 14
305 81888
306 177
307 17
308 188
309 1343
310 6
311 350
312 10857
313 379
314 4279
315 21689
316 145
317 16
318 10
319 330
320 523
321 3266
322 11708
323 548
324 224
325 1
326 227
327 21
328 1605
329 36
330 6702
331 4
332 603
333 11011
334 71
335 86
336 12965
337 4817
338 714
339 12
340 15
341 104064
342 1987
343 1816
344 12243
345 889
346 3191
347 388
348 27196
349 108
350 521
351 9418
352 15495
353 38
354 616
355 6293
356 12569
357 421
358 52
359 2805
360 8837
361 1493
362 101
363 18778
364 9
365 262
366 28
367 37
368 9
369 3090
370 23
371 10
372 35
373 32
374 2111
375 5170
376 605
377 4836
378 32
379 15
380 941
381 274
382 2366
383 5171
384 2233
385 2
386 21
387 42
388 244
389 2444
390 1398
391 392
392 1349
393 35951
394 9
395 473
396 16
397 135
398 41
399 27
400 1292
401 23
402 165
403 379
404 7434
405 226
406 32
407 11
408 130
409 7223
410 241
411 2149
412 85
413 25
414 372
415 461
416 153
417 301
418 11
419 3038
420 341
421 6
422 24
423 1223
424 19
425 299
426 5
427 10
428 1114
429 110
430 762
431 3924
432 2744
433 3394
434 728
435 11099
436 242
437 40
438 2140
439 269
440 2232
441 6643
442 11577
443 113971
444 19392
445 419
446 34
447 15
448 13
449 2265
450 877
451 2274
452 105
453 9
454 7
455 7121
456 337
457 5
458 14
459 21
460 1378
461 409
462 32304
463 788
464 1026
465 2715
466 3
467 10720
468 28
469 728
470 3
471 118
472 5675
473 115136
474 53
475 418
476 14594
477 55
478 64
479 101
480 92
481 1636
482 757
483 1897
484 287
485 59452
486 8336
487 338
488 111
489 154
490 48
491 64576
492 30
493 4934
494 26
495 45
496 24
497 46
498 27
499 40
500 1863
501 37
502 304
503 4477
504 510
505 35
506 644
507 7208
508 5036
509 289
510 3490
511 88
512 974
513 2514
514 336
515 337
516 326
517 867
518 27652
519 2901
520 399
521 147
522 4869
523 28
524 749
525 418
526 943
527 682
528 48
529 345
530 232
531 159
532 54
533 13508
534 327
535 2618
536 8403
537 9852
538 3650
539 30
540 82
541 263
542 41
543 34196
544 8
545 23
546 17
547 10586
548 5
549 94
550 10
551 15
552 93
553 852
554 1479
555 60
556 23
557 1300
558 4328
559 21629
560 8735
561 393
562 192
563 1201
564 13
565 6975
566 81
567 36
568 3367
569 19
570 62
571 3954
572 49
573 27
574 255
575 3202
576 5306
577 147
578 2266
579 48
580 41903
581 1903
582 5073
583 17
584 332
585 263
586 5222
587 6280
588 2533
589 16
590 587
591 5
592 65
593 535
594 161
595 82
596 514
597 338
598 4
599 3879
600 6
601 2199
602 8
603 413
604 10632
605 9860
606 10959
607 4998
608 4898
609 1655
610 28
611 7234
612 17
613 8456
614 1142
615 27
616 1830
617 12500
618 220
619 389
620 332
621 33
622 5
623 10826
624 12493
625 80
626 255
627 7389
628 162
629 292
630 21
631 33
632 4637
633 15
634 1867
635 69
636 12939
637 7
638 87
639 21
640 339
641 960
642 8
643 2093
644 772
645 11255
646 250
647 766
648 787
649 65
650 2187
651 81
652 548
653 166
654 3821
655 8
656 547
657 2344
658 44
659 1083
660 38932
661 80
662 35
663 4
664 338
665 64
666 8
667 2159
668 22
669 7603
670 15
671 21
672 1807
673 4
674 148
675 1597
676 11547
677 2316
678 56
679 2538
680 35
681 10515
682 4222
683 8000
684 1478
685 655
686 35
687 12
688 1260
689 954
690 1648
691 380
692 1909
693 14
694 3413
695 1700
696 3
697 239
698 292
699 7698
700 375
701 11
702 10045
703 470
704 6
705 7
706 231
707 6
708 4370
709 7
710 77
711 887
712 517
713 239
714 3602
715 92
716 278
717 3707
718 508
719 8646
720 1005
721 8837
722 1735
723 14
724 3
725 21419
726 109
727 490
728 1570
729 15893
730 8077
731 1788
732 247
733 25
734 1327
735 658
736 394
737 1995
738 229
739 5783
740 18
741 130
742 6
743 15
744 3670
745 1812
746 30
747 447
748 450
749 138
750 210
751 6552
752 105
753 1015
754 479
755 3955
756 18
757 24
758 4940
759 7829
760 18
761 5
762 134
763 199
764 19
765 21
766 8380
767 3074
768 469
769 2244
770 10298
771 378
772 1159
773 4753
774 1309
775 24
776 10175
777 11
778 6
779 1325
780 52
781 7506
782 322
783 8921
784 12136
785 4896
786 583
787 35
788 2408
789 8959
790 216
791 316
792 99
793 269
794 37
795 399
796 369
797 11550
798 1426
799 183
800 29525
801 808
802 41
803 10724
804 2
805 21
806 131
807 16
808 13
809 1020
810 10166
811 14
812 1758
813 140
814 7
815 50
816 31
817 698
818 545
819 27
820 400
821 25227
822 20611
823 31
824 9385
825 170
826 207
827 1008
828 8832
829 881
830 9929
831 9
832 11
833 3674
834 17700
835 55
836 16391
837 174
838 734
839 11
840 8342
841 39
842 358
843 1025
844 27
845 588
846 37
847 225
848 16600
849 5729
850 6170
851 232
852 2245
853 58
854 30407
855 2245
856 10
857 482
858 433
859 9746
860 36138
861 711
862 6
863 11197
864 8
865 2400
866 480
867 19
868 9975
869 10146
870 45
871 11
872 3532
873 572
874 1
875 19
876 411
877 12003
878 307
879 512
880 12570
881 27
882 3
883 1819
884 8573
885 25
886 6
887 10313
888 9170
889 3570
890 10
891 9525
892 8666
893 4314
894 337
895 39087
896 408
897 36
898 11
899 262
900 41
901 2792
902 137
903 6
904 31
905 3350
906 331
907 11484
908 173
909 2380
910 464
911 4597
912 427
913 286
914 350
915 5525
916 83
917 12873
918 15
919 235
920 14
921 38
922 5
923 24
924 5
925 20
926 5
927 899
928 337
929 22
930 161
931 151
932 5555
933 11006
934 42605
935 294
936 6333
937 532
938 209
939 2149
940 524
941 22520
942 272
943 209
944 6423
945 317
946 217
947 6
948 5066
949 5
950 3605
951 432
952 12546
953 38
954 232
955 1626
956 1920
957 417
958 1377
959 97
960 320
961 359
962 2424
963 192
964 8
965 173
966 14
967 462
968 10717
969 20362
970 1730
971 7601
972 538
973 2
974 6285
975 12
976 11097
977 644
978 3608
979 18
980 1296
981 18
982 101
983 5215
984 833
985 743
986 1744
987 7
988 4759
989 913
990 5072
991 76
992 7
993 3031
994 370
995 5232
996 7
997 10
998 133
999 14
1000 799
1001 29572
1002 436
1003 19248
1004 6959
1005 19
1006 2490
1007 14
1008 1187
1009 717
1010 5
1011 3226
1012 6
1013 74
1014 37
1015 9
1016 819
1017 412
1018 377
1019 10788
1020 23698
1021 10343
1022 922
1023 33
1024 6134
1025 12648
1026 294
1027 262
1028 68
1029 4
1030 5
1031 1065
1032 402
1033 1098
1034 20
1035 20092
1036 82
1037 19608
1038 1930
1039 328
1040 57
1041 11
1042 52
1043 8460
1044 11332
1045 379
1046 4411
1047 274
1048 27
1049 4196
1050 489
1051 25
1052 68165
1053 6622
1054 9
1055 26
1056 3
1057 3321
1058 10590
1059 30
1060 1
1061 336
1062 105
1063 282
1064 14386
1065 1
1066 210
1067 72
1068 11954
1069 17
1070 6770
1071 10705
1072 2509
1073 232
1074 22
1075 203
1076 12
1077 507
1078 47
1079 1677
1080 262
1081 6048
1082 9283
1083 62909
1084 12
1085 78
1086 3301
1087 227
1088 1931
1089 409
1090 30
1091 36242
1092 3591
1093 29
1094 66784
1095 5764
1096 2178
1097 45
1098 24
1099 3387
1100 9
1101 22
1102 10
1103 8
1104 91
1105 5
1106 4093
1107 20
1108 10127
1109 471
1110 760
1111 5
1112 317
1113 80
1114 871
1115 115
1116 9
1117 538
1118 297
1119 210
1120 487
1121 21
1122 426
1123 3310
1124 345
1125 9125
1126 8762
1127 10056
1128 7
1129 212
1130 219
1131 251
1132 103
1133 8440
1134 41
1135 5190
1136 129
1137 7
1138 309
1139 28022
1140 228
1141 8995
1142 3564
1143 45
1144 194
1145 2894
1146 292
1147 25
1148 3943
1149 4
1150 580
1151 231
1152 11
1153 11959
1154 3860
1155 4583
1156 10
1157 63
1158 10
1159 923
1160 1237
1161 7218
1162 4364
1163 1990
1164 606
1165 39
1166 24
1167 480
1168 90
1169 1135
1170 18
1171 1104
1172 6601
1173 37
1174 18
1175 5
1176 1328
1177 375
1178 128
1179 8
1180 287
1181 28
1182 1531
1183 2051
1184 844
1185 5899
1186 1667
1187 608
1188 729
1189 12
1190 9
1191 72
1192 2508
1193 314
1194 12367
1195 475
1196 614
1197 22499
1198 25
1199 46
1200 2336
1201 10979
1202 122
1203 7314
1204 4641
1205 1258
1206 8
1207 5
1208 1402
1209 27
1210 19254
1211 9
1212 1762
1213 16
1214 4268
1215 5502
1216 558
1217 16
1218 17397
1219 1767
1220 1609
1221 1340
1222 4779
1223 1105
1224 18058
1225 13
1226 9198
1227 451
1228 511
1229 382
1230 476
1231 57365
1232 14
1233 25
1234 273
1235 250
1236 3065
1237 11
1238 113
1239 12218
1240 7836
1241 412
1242 7
1243 7
1244 565
1245 9
1246 16
1247 28
1248 118
1249 4083
1250 26
1251 6044
1252 69
1253 6990
1254 384
1255 614
1256 469
1257 17
1258 4
1259 250
1260 86
1261 7995
1262 386
1263 9
1264 91
1265 19
1266 19
1267 12
1268 3862
1269 641
1270 6
1271 7313
1272 104
1273 266
1274 121
1275 80
1276 79
1277 8
1278 3740
1279 3973
1280 36
1281 137
1282 8936
1283 6277
1284 12662
1285 6
1286 4783
1287 1733
1288 540
1289 4139
1290 6221
1291 126
1292 79
1293 289
1294 6659
1295 39
1296 10
1297 2781
1298 164
1299 292
1300 5
1301 830
1302 966
1303 4939
1304 18
1305 3506
1306 40
1307 35
1308 42
1309 713
1310 423
1311 105
1312 58
1313 2081
1314 32
1315 33
1316 4663
1317 9634
1318 30
1319 2428
1320 259
1321 1090
1322 26
1323 13
1324 27
1325 26
1326 16780
1327 2493
1328 1628
1329 43
1330 119
1331 386
1332 2438
1333 6887
1334 11
1335 14
1336 7507
1337 1678
1338 62
1339 1257
1340 480
1341 33
1342 57
1343 442
1344 51
1345 416
1346 1004
1347 66
1348 1402
1349 119
1350 13
1351 3777
1352 29267
1353 3902
1354 257
1355 8523
1356 18
1357 1564
1358 12078
1359 4548
1360 2643
1361 767
1362 98
1363 3
1364 170
1365 391
1366 1845
1367 44
1368 293
1369 66
1370 530
1371 8993
1372 23
1373 45
1374 4904
1375 7658
1376 8989
1377 8371
1378 69
1379 11
1380 1438
1381 39
1382 53
1383 11
1384 250
1385 1002
1386 382
1387 5
1388 12
1389 12
1390 258
1391 315
1392 26
1393 7067
1394 5392
1395 12
1396 1421
1397 2708
1398 1259
1399 12568
1400 3872
1401 3105
1402 14912
1403 21
1404 10
1405 3531
1406 29
1407 2038
1408 80
1409 18
1410 400
1411 469
1412 25
1413 972
1414 9988
1415 306
1416 20
1417 398
1418 8
1419 10
1420 6980
1421 11447
1422 4391
1423 18
1424 1578
1425 44
1426 5338
1427 1617
1428 9
1429 2582
1430 756
1431 5978
1432 58
1433 132
1434 3
1435 79
1436 634
1437 151
1438 390
1439 223
1440 6048
1441 5
1442 450
1443 8148
1444 8459
1445 1852
1446 467
1447 9
1448 6496
1449 280
1450 419
1451 172
1452 384
1453 3535
1454 13
1455 414
1456 584
1457 198
1458 2417
1459 36
1460 350
1461 34
1462 411
1463 154
1464 1815
1465 563
1466 976
1467 7911
1468 7
1469 8
1470 17
1471 6
1472 570
1473 4
1474 42588
1475 109
1476 11206
1477 191
1478 4
1479 15
1480 623
1481 26
1482 11548
1483 74
1484 2058
1485 118
1486 8
1487 36
1488 25689
1489 14441
1490 58597
1491 33
1492 13
1493 565
1494 265
1495 10
1496 5
1497 32
1498 700
1499 18119
1500 53
1501 3144
1502 80
1503 5128
1504 304
1505 16
1506 1184
1507 15
1508 7
1509 405
1510 9
1511 71
1512 386
1513 1
1514 18
1515 2448
1516 15056
1517 342
1518 226
1519 1676
1520 265
1521 11314
1522 20
1523 327
1524 64
1525 50
1526 2617
1527 10788
1528 564
1529 1212
1530 22665
1531 21
1532 19
1533 406
1534 283
1535 3455
1536 98
1537 4
1538 1985
1539 67
1540 532
1541 11622
1542 23486
1543 543
1544 30
1545 2387
1546 350
1547 2721
1548 20
1549 8309
1550 60
1551 300
1552 279
1553 203
1554 4717
1555 259
1556 11
1557 7
1558 784
1559 3227
1560 25
1561 456
1562 445
1563 180
1564 5783
1565 1967
1566 4016
1567 5
1568 19
1569 8890
1570 60
1571 6889
1572 429
1573 5182
1574 2576
1575 483
1576 35
1577 7557
1578 20661
1579 32
1580 361
1581 119
1582 8786
1583 3512
1584 6404
1585 19
1586 101
1587 12
1588 151
1589 83
1590 89027
1591 7
1592 51
1593 10594
1594 9
1595 3954
1596 12237
1597 12568
1598 226
1599 23
1600 346
1601 1030
1602 85
1603 3525
1604 194
1605 288
1606 1590
1607 48
1608 4523
1609 42
1610 12
1611 31532
1612 254
1613 3398
1614 17
1615 912
1616 1999
1617 3874
1618 5
1619 4254
1620 6997
1621 11126
1622 419
1623 156
1624 1368
1625 8322
1626 284
1627 1111
1628 5915
1629 64
1630 540
1631 12847
1632 7272
1633 39
1634 1665
1635 328
1636 3139
1637 3886
1638 6517
1639 301
1640 322
1641 4470
1642 1531
1643 44
1644 2558
1645 11148
1646 17
1647 172
1648 35277
1649 1982
1650 28
1651 379
1652 279
1653 1013
1654 330
1655 2192
1656 2745
1657 16
1658 52
1659 99
1660 11
1661 375
1662 186
1663 30
1664 2585
1665 6743
1666 380
1667 38
1668 568
1669 12
1670 4803
1671 11
1672 1311
1673 24
1674 20
1675 267
1676 1244
1677 500
1678 127
1679 110
1680 3
1681 41
1682 22
1683 7696
1684 9813
1685 6179
1686 15
1687 2670
1688 209
1689 7685
1690 90
1691 323
1692 114
1693 5269
1694 134
1695 1261
1696 2752
1697 813
1698 2989
1699 117
1700 520
1701 2378
1702 23
1703 36
1704 100
1705 3551
1706 251
1707 13017
1708 998
1709 1088
1710 43
1711 34738
1712 113
1713 1631
1714 2484
1715 7
1716 5
1717 590
1718 11270
1719 271
1720 462
1721 2048
1722 9982
1723 16
1724 10
1725 2498
1726 338
1727 5
1728 1651
1729 33
1730 33370
1731 896
1732 5899
1733 3
1734 18
1735 9
1736 5
1737 111
1738 1241
1739 18
1740 368
1741 1622
1742 8
1743 71
1744 1775
1745 393
1746 297
1747 449
1748 475
1749 559
1750 10
1751 264
1752 19
1753 321
1754 61
1755 8
1756 2366
1757 9529
1758 9071
1759 1091
1760 36
1761 962
1762 334
1763 342
1764 467
1765 7
1766 539
1767 620
1768 380
1769 21
1770 51
1771 33
1772 158
1773 1033
1774 3628
1775 5223
1776 23
1777 32
1778 658
1779 22
1780 27
1781 213
1782 230
1783 15
1784 11858
1785 1430
1786 148
1787 2
1788 1560
1789 25
1790 1963
1791 173
1792 473
1793 17
1794 253
1795 759
1796 346
1797 361
1798 53
1799 2201
1800 10985
1801 8
1802 26908
1803 357
1804 2758
1805 9593
1806 3708
1807 20
1808 4
1809 12
1810 4
1811 42
1812 4522
1813 477
1814 55
1815 109
1816 558
1817 420
1818 229
1819 8582
1820 2345
1821 200
1822 417
1823 1831
1824 4
1825 182
1826 5513
1827 3953
1828 2164
1829 422
1830 2238
1831 3644
1832 103
1833 669
1834 311
1835 45
1836 284
1837 9257
1838 15
1839 1591
1840 8537
1841 216
1842 18
1843 248
1844 702
1845 9
1846 7
1847 1094
1848 11
1849 4243
1850 339
1851 34
1852 2010
1853 6252
1854 40
1855 30724
1856 2330
1857 7579
1858 3109
1859 13
1860 5
1861 739
1862 468
1863 53
1864 305
1865 10057
1866 2725
1867 792
1868 7
1869 1495
1870 7980
1871 37
1872 7
1873 245
1874 179
1875 1730
1876 13
1877 1481
1878 2285
1879 727
1880 63
1881 11834
1882 3210
1883 647
1884 35145
1885 7077
1886 16956
1887 209
1888 11137
1889 4701
1890 2299
1891 90
1892 217
1893 10
1894 4490
1895 17
1896 551
1897 10
1898 5189
1899 3996
1900 702
1901 32
1902 1429
1903 314
1904 566
1905 7
1906 12
1907 237
1908 7
1909 400
1910 234
1911 12
1912 18739
1913 38
1914 18
1915 10
1916 3042
1917 59
1918 326
1919 76
1920 75
1921 66
1922 7
1923 31495
1924 1451
1925 1487
1926 946
1927 11
1928 268
1929 33
1930 8200
1931 36233
1932 3
1933 22036
1934 4871
1935 12698
1936 10276
1937 3015
1938 259
1939 26
1940 12293
1941 29
1942 2538
1943 14
1944 9783
1945 2611
1946 7
1947 35
1948 5362
1949 849
1950 4616
1951 42
1952 43
1953 2266
1954 1452
1955 66
1956 6730
1957 3111
1958 3690
1959 3742
1960 35055
1961 13
1962 11504
1963 271
1964 33
1965 20064
1966 7588
1967 436
1968 27
1969 8181
1970 36250
1971 513
1972 102616
1973 27
1974 10171
1975 21
1976 188
1977 332
1978 5000
1979 257
1980 604
1981 211
1982 34
1983 2347
1984 42
1985 149
1986 305
1987 623
1988 2617
1989 12689
1990 29587
1991 18
1992 4570
1993 2992
1994 13
1995 7753
1996 2297
1997 11841
1998 1168
1999 3560
2000 389
2001 1224
2002 6283
2003 49
2004 179
2005 11978
2006 24932
2007 1223
2008 50
2009 12
2010 222
2011 72
2012 2553
2013 2855
2014 1442
2015 173
2016 174
2017 13981
2018 172
2019 23
2020 3766
2021 10622
2022 2015
2023 23782
2024 5852
2025 7377
2026 30
2027 8851
2028 216
2029 8414
2030 178
2031 298
2032 8057
2033 6414
2034 6
2035 448
2036 11835
2037 150
2038 314
2039 5557
2040 3114
2041 571
2042 825
2043 1371
2044 8592
2045 110
2046 326
2047 1567
2048 205
2049 52
2050 164
2051 279
2052 88
2053 9408
2054 12020
2055 624
2056 23
2057 128
2058 144
2059 29564
2060 13
2061 133
2062 10363
2063 338
2064 1461
2065 1138
2066 43
2067 687
2068 143
2069 772
2070 7
2071 5050
2072 129
2073 14
2074 8308
2075 786
2076 1937
2077 278
2078 5596
2079 1927
2080 62
2081 210
2082 12821
2083 19
2084 219
2085 3
2086 471
2087 245
2088 8212
2089 195
2090 107
2091 76
2092 15
2093 968
2094 25
2095 6
2096 198
2097 13
2098 222
2099 8622
2100 11278
2101 894
2102 13
2103 7268
2104 9390
2105 21
2106 328
2107 1510
2108 21554
2109 96
2110 5273
2111 7340
2112 3705
2113 3302
2114 19
2115 668
2116 322
2117 6128
2118 32
2119 1438
2120 30
2121 270
2122 14
2123 9222
2124 242
2125 465
2126 226
2127 1185
2128 21
2129 24
2130 4
2131 5119
2132 523
2133 1701
2134 2904
2135 210
2136 5
2137 4
2138 2263
2139 27
2140 21
2141 4
2142 32
2143 28
2144 227
2145 2065
2146 3270
2147 507
2148 486
2149 35930
2150 13383
2151 774
2152 14
2153 66
2154 12591
2155 3322
2156 5781
2157 1632
2158 53
2159 3334
2160 11
2161 11312
2162 65
2163 9
2164 29
2165 29
2166 7
2167 1001
2168 52
2169 1591
2170 9
2171 16
2172 1240
2173 4356
2174 1401
2175 20694
2176 5
2177 23
2178 1142
2179 100
2180 2175
2181 302
2182 21480
2183 436
2184 3099
2185 45544
2186 1297
2187 198
2188 14
2189 1915
2190 1204
2191 17
2192 9
2193 2899
2194 9
2195 458
2196 13
2197 27
2198 8
2199 120
2200 299
2201 305
2202 5
2203 101
2204 9
2205 449
2206 686
2207 10543
2208 22435
2209 350
2210 224
2211 14
2212 2266
2213 31
2214 1804
2215 173
2216 11513
2217 7878
2218 10895
2219 23903
2220 16944
2221 33136
2222 54034
2223 29965
2224 40994
2225 39790
2226 39727
2227 42885
2228 44610
2229 46996
2230 54926
2231 63685
2232 60462
2233 65739
2234 72464
2235 56804
2236 67344
2237 69741
2238 73298
2239 78270
2240 74573
2241 88052
2242 100500
2243 93824
2244 98394