134
333
12
1419
19
8282
571
237
4
906
11082
286
85967
32
264
6
3088
9904
7618
94
272
834
1779
162
5
8
5251
191
231
237
3
503
8
3
3
944
298
1
5336
239
4
890
2
20
6940
25
7983
21
194
716
39
4222
11
12
245
204
2165
504
155
1
1890
479
13133
759
379
666
175
30
10081
389
12
483
9
8046
313
25
70
21479
52
7309
272
462
279
80
5
27
17
21
5
435
8127
2163
9
10
413
438
8053
13257
133
3148
20
2709
9968
154
3
23
6
1226
10960
25
882
3
8
1741
383
44
17998
7276
305
40
9937
3577
60
11921
9780
21
2093
1717
5
270
95
25
1893
13
38
12585
25287
3900
301
76
1280
9
997
20
50
14683
5033
309
674
3
385
21
336
3
22
3310
2008
1535
83
932
276
1281
4496
85
5672
3070
294
1617
60055
503
9353
4722
10640
17
9613
4614
12
56
3
9549
23
10878
5412
24
7
20
8564
477
44
22
6
834
5381
2009
816
242
26
24
103
13
134
333
12
1419
19
8282
571
237
4
906
11082
286
85967
32
264
6
3088
9904
7618
94
272
834
1779
162
5
8
5251
191
231
237
3
503
8
3
3
944
298
1
5336
239
4
890
2
20
6940
25
7983
21
194
716
39
4222
11
12
245
204
2165
504
155
1
1890
479
13133
759
379
666
175
30
10081
389
12
483
9
8046
313
25
70
21479
52
7309
272
462
279
80
5
27
17
21
5
435
8127
2163
9
10
413
438
8053
13257
133
3148
20
2709
9968
154
3
23
6
1226
10960
25
882
3
8
1741
383
44
17998
7276
305
40
9937
3577
60
11921
9780
21
2093
1717
5
270
95
25
1893
13
38
12585
25287
3900
301
76
1280
9
997
20
50
14683
5033
309
674
3
385
21
336
3
22
3310
2008
1535
83
932
276
1281
4496
85
5672
3070
294
1617
60055
503
9353
4722
10640
17
9613
4614
12
56
3
9549
23
10878
5412
24
7
20
8564
477
44
22
6
834
5381
2009
816
242
26
24
103
13
134
333
12
1419
19
8282
571
237
4
906
11082
286
85967
32
264
6
3088
9904
7618
94
272
834
1779
162
5
8
5251
191
231
237
3
503
8
3
3
944
298
1
5336
239
4
890
2
20
6940
25
7983
21
194
716
39
4222
11
12
245
204
2165
504
155
1
1890
479
13133
759
379
666
175
30
10081
389
12
483
9
8046
313
25
70
21479
52
7309
272
462
279
80
5
27
17
21
5
435
8127
2163
9
10
413
438
8053
13257
133
3148
20
2709
9968
154
3
23
6
1226
10960
25
882
3
8
1741
383
44
17998
7276
7276
305
40
9937
3577
60
11921
9780
21
2093
1717
5
270
95
25
1893
13
38
12585
25287
3900
301
76
1280
9
997
20
50
14683
5033
309
674
3
385
21
336
3
22
3310
2008
1535
83
932
276
1281
4496
85
5672
3070
294
1617
60055
503
9353
4722
10640
17
9613
4614
12
56
3
9549
23
10878
5412
24
7
20
8564
477
44
22
6
834
5381
2009
816
242
26
24
103
13
134
333
12
1419
19
8282
571
237
4
906
11082
286
85967
32
264
6
3088
9904
7618
94
272
834
1779
162
5
8
5251
191
231
237
3
503
8
3
3
944
298
1
5336
239
4
890
2
20
6940
25
7983
21
194
716
39
4222
11
12
245
204
2165
504
155
1
1890
479
13133
759
379
666
175
30
10081
389
12
483
9
8046
313
25
70
21479
52
7309
272
462
279
80
5
27
17
21
5
435
8127
2163
9
10
413
438
8053
13257
133
3148
20
2709
9968
154
3
23
6
1226
10960
25
882
3
8
1741
383
44
17998
7276
305
40
9937
3577
60
11921
9780
21
2093
1717
5
270
95
25
1893
13
38
12585
25287
3900
301
76
1280
9
997
20
50
14683
5033
309
674
3
385
21
336
3
22
3310
2008
1535
83
932
276
1281
4496
85
5672
3070
294
1617
60055
503
9353
4722
10640
17
9613
4614
12
56
3
9549
23
10878
5412
24
7
20
8564
477
44
22
6
834
5381
2009
816
242
26
24
103
13
134
333
12
1419
19
8282
571
237
4
906
11082
286
85967
32
264
6
3088
9904
7618
94
272
834
1779
162
5
8
5251
191
231
237
3
503
8
3
3
944
298
1
5336
239
4
890
2
20
6940
25
7983
21
194
716
39
4222
11
12
245
204
2165
504
155
1
1890
479
13133
759
379
666
175
30
10081
389
12
483
9
8046
313
25
70
21479
52
7309
272
462
279
80
5
27
17
21
5
435
8127
2163
9
10
413
438
8053
13257
133
3148
20
2709
9968
154
3
23
6
1226
10960
25
882
3
8
1741
383
44
17998
7276
305
40
9937
3577
60
11921
9780
21
2093
1717
5
270
95
25
1893
13
38
12585
25287
3900
301
76
1280
9
997
20
50
14683
5033
309
674
3
385
21
336
3
22
3310
2008
1535
83
932
276
1281
4496
85
5672
3070
294
1617
60055
503
9353
4722
10640
17
9613
4614
12
56
3
9549
23
10878
5412
24
7
20
8564
477
44
22
6
834
5381
2009
816
242
26
24
103
13
134
333
12
1419
19
8282
571
237
4
906
11082
286
85967
32
264
6
3088
9904
7618
94
272
834
1779
162
5
8
5251
191
231
237
3
503
8
3
3
944
298
1
5336
239
4
890
2
20
6940
25
7983
21
194
716
39
4222
11
12
245
204
2165
504
155
1
1890
479
13133
759
379
666
175
30
10081
389
12
483
9
8046
313
25
70
21479
52
7309
272
462
279
80
5
27
17
21
5
435
8127
2163
9
10
413
438
8053
13257
133
3148
20
2709
9968
154
3
23
6
1226
10960
25
882
3
8
1741
383
44
17998
7276
305
40
9937
3577
60
11921
9780
21
2093
1717
5
270
95
25
1893
13
38
12585
25287
3900
301
76
1280
9
997
20
50
14683
5033
309
674
3
385
21
336
3
22
3310
2008
1535
83
932
276
1281
4496
85
5672
3070
294
1617
60055
503
9353
4722
10640
17
9613
4614
12
56
3
9549
23
10878
5412
24
7
20
8564
477
44
22
6
834
5381
2009
816
242
26
24
103
13
134
333
12
1419
19
8282
571
237
4
906
11082
286
85967
32
264
6
3088
9904
7618
94
272
834
1779
162
5
8
5251
191
231
237
3
503
8
3
3
944
298
1
5336
239
4
890
2
20
6940
25
7983
21
194
716
39
4222
11
12
245
204
2165
504
155
1
1890
479
13133
759
379
666
175
30
10081
389
12
483
9
8046
313
25
70
21479
52
7309
272
462
279
80
5
27
17
21
5
435
8127
2163
9
10
413
438
8053
13257
133
3148
20
2709
9968
154
3
23
6
1226
10960
25
882
3
8
1741
383
44
17998
7276
305
40
9937
3577
60
11921
9780
21
2093
1717
5
270
95
25
1893
13
38
12585
25287
3900
301
76
1280
9
997
20
50
14683
5033
309
674
3
385
21
336
3
22
3310
2008
1535
83
932
276
1281
4496
85
5672
3070
294
1617
60055
503
9353
4722
10640
17
9613
4614
12
56
3
9549
23
10878
5412
24
7
20
8564
477
44
22
6
834
5381
2009
816
242
26
24
103
13
134
333
12
1419
19
8282
571
237
4
906
11082
286
85967
32
264
6
3088
9904
7618
94
272
834
1779
162
5
8
5251
191
231
237
3
503
8
3
3
944
298
1
5336
239
4
890
2
20
6940
25
7983
21
194
716
39
4222
11
12
245
204
2165
504
155
1
1890
479
13133
759
379
666
175
30
10081
389
12
483
9
8046
313
25
70
21479
52
7309
272
462
279
80
5
27
17
21
5
435
8127
2163
9
10
413
438
8053
13257
133
3148
20
2709
9968
154
3
23
6
1226
10960
25
882
3
8
1741
383
44
17998
7276
305
40
9937
3577
60
11921
9780
21
2093
1717
5
270
95
25
1893
13
38
12585
25287
3900
301
76
1280
9
997
20
50
14683
5033
309
674
3
385
21
336
3
22
3310
2008
1535
83
932
276
1281
4496
85
5672
3070
294
1617
60055
503
9353
4722
10640
17
9613
4614
12
56
3
9549
23
10878
5412
24
7
20
8564
477
44
22
6
834
5381
2009
816
242
26
24
103
13
134
333
12
1419
19
8282
571
237
4
906
11082
286
85967
32
264
6
3088
9904
7618
94
272
834
1779
162
5
8
5251
191
231
237
3
503
8
3
3
944
298
1
5336
239
4
890
2
20
6940
25
7983
21
194
716
39
4222
11
12
245
204
2165
504
155
1
1890
479
13133
759
379
666
175
30
10081
389
12
483
9
8046
313
25
70
21479
52
7309
272
462
279
80
5
27
17
21
5
435
8127
2163
9
10
413
438
8053
13257
133
3148
20
2709
9968
154
3
23
6
1226
10960
25
882
3
8
1741
383
44
17998
7276
305
40
9937
3577
60
11921
9780
21
2093
1717
5
270
95
25
1893
13
38
12585
25287
3900
301
76
1280
9
997
20
50
14683
5033
309
674
3
385
21
336
3
22
3310
2008
1535
83
932
276
1281
4496
85
5672
3070
294
1617
60055
503
9353
4722
10640
17
9613
4614
12
56
3
9549
23
10878
5412
24
7
20
8564
477
44
22
6
834
5381
2009
816
242
26
24
103
13
134
333
12
1419
19
8282
571
237
4
906
11082
286
85967
32
264
6
3088
9904
7618
94
272
834
1779
162
5
8
5251
191
231
237
3
503
8
3
3
944
298
1
5336
239
4
890
2
20
6940
25
7983
21
194
716
39
4222
11
12
245
204
2165
504
155
1
1890
479
13133
759
379
666
175
30
10081
389
12
483
9
8046
313
25
70
21479
52
7309
272
462
279
80
5
27
17
21
5
435
8127
2163
9
10
413
438
8053
13257
133
3148
20
2709
9968
154
3
23
6
1226
10960
25
882
3
8
1741
383
44
17998
7276
305
40
9937
3577
60
11921
9780
21
2093
1717
5
270
95
25
1893
13
38
12585
25287
3900
301
76
1280
9
997
20
50
14683
5033
309
674
3
385
21
336
3
22
3310
2008
1535
83
932
276
1281
4496
85
5672
3070
294
1617
60055
503
9353
4722
10640
17
9613
4614
12
56
3
9549
23
10878
5412
24
7
20
8564
477
44
22
6
834
5381
2009
816
242
26
24
103
13
134
333
12
1419
19
8282
571
237
4
906
11082
286
85967
32
264
6
3088
9904
7618
94
272
834
1779
162
5
8
5251
191
231
237
3
503
8
3
3
944
298
1
5336
239
4
890
2
20
6940
25
7983
21
194
716
39
4222
11
12
245
204
2165
504
155
1
1890
479
13133
759
379
666
175
30
10081
389
12
483
9
8046
313
25
70
21479
52
7309
272
462
279
80
5
27
17
21
5
435
8127
2163
9
10
413
438
8053
13257
133
3148
20
2709
9968
154
3
23
6
1226
10960
25
882
3
8
1741
383
44
17998
7276
305
40
9937
3577
60
11921
9780
21
2093
1717
5
270
95
25
1893
13
38
12585
25287
3900
301
76
1280
9
997
20
50
14683
5033
309
674
3
385
21
336
3
22
3310
2008
1535
83
932
276
1281
4496
85
5672
3070
294
1617
60055
503
9353
4722
10640
17
9613
4614
12
56
3
9549
23
10878
5412
24
7
20
8564
477
44
22
6
834
5381
2009
816
242
26
24
103
13
134
333
12
1419
19
8282
571
237
4
906
11082
286
85967
32
264
6
3088
9904
7618
94
272
834
1779
162
5
8
5251
191
231
237
3
503
8
3
3
944
298
1
5336
239
4
890
2
20
6940